키워드,월간 검색량 (pc),월간 검색량 (Mobile),월간 검색량 (전체),블로그 총 발행량
배달배송,30,140,170,935000
배달영어,120,690,810,157000
배달족,180,2070,2250,1740
배달음식할인,340,6240,6580,220000
배달음식순위,1090,6640,7730,39800
배달 떡볶이,760,7450,8210,518000
배달 도시락,1570,6710,8280,434000
배달오토바이,1420,6880,8300,148000
가정식 반찬배달,710,9250,9960,26000
홈파티 음식배달,890,9280,10170,30800
배송,3430,8680,12110,13060000
치킨 배달,750,11500,12250,1200000
피자 배달,870,11500,12370,621000
배달업,1860,11500,13360,146000
반찬 배달,2420,12500,14920,790000
샐러드 배달,2830,16400,19230,664000
배달음식 추천,3500,16100,19600,714000
배달대행,3980,16800,20780,127000
도시락 배달,4890,21600,26490,438000
배달음식,5330,46400,51730,2260000
